689179252934967308
1274808381332521064
1486522173194637374
885735520095854622
1417339898767081622
1487472655983448155
718545875718373387
1399434071163277525
1345479662662455296
1221207675677835347
788192474275119155
1227208557271846983
1285080188308295792
1482275551153754264
1483458213247451228
1190677525265915916
1483793408756682822
1167147513350983680
1126930396223913995
908218077206954014
1309624142718566431
1475586693733159054
881278060635226183
1396446663530512397
1211766160782131261
1491235971012886562
1490284365932924991
642103770586677258
1315085352418934864
1292740772403085343
1467696669276508343
497942338447081492
1488366888294813828
1411702590177153116
1233076608714149941
931274021738262639
1480638808746623090
1447554613061619743
1394785824628801658
1222042023675170849
1240590700677173349
1110137333736558662
936526550982078464
1426543917754617989
1491159267770765484
1099651034630066217
1090284237057425510
924659442501435392
1474874213134500123
1491179591732035697
1409550789537562756
1161752202193420389
892749176381792276
1010200078872477748
1472425672902443203
1147106006074134579
1093494742345601114
755460944699719684
813738003460653057
1491035286153592994
1381199397278449764
1405892077299961967
1482802033923723374
1489049747594547393
1269685278822502581
1350006828280578173
1491077389873057892
1491084228559900803
303493155360342017
1490326234780008519
1383466415637663854
1204128112699379754
824979116545146911
1474470296072225032
1161255460515631114
923301758573379585
1490314569191657563
1469367363425144844
1484336145708879928
1489455052451217590
1462580081833807934
1472319230920884301
1378468032728530984
1490939395425964042
1020708485069029386
1482452797927588014
1249417820769619968
1490909779198218251
1445829470282977392
1368037565038329987
1488666487852892404
904195004505915472
1462875701672808591
1454492529746645218
1284056175524188265
1022334610908135454
833567183300460546
1237619731956109357
1456833691463454825
1221567508109197514
1396027256543121451
1478338277298667663
1488008519440404673
1489609478360928286
1383583323632439519
1438232394430681149
1223715301741432872
1133982467301314620
1353679815986643014
1268248122371346513
1414849624728141867
208618750025531392
1490900847197163630
1395968168245203055
1489899162928418847
1490912665709842452
1163186852707193043
1466133153491189835
1490713111420731543
935961792918736996
1461904834595918031
1468039444648038646
1490144233057816766
1411050790474219520
1202967685240197145
1490814072277696532
1332458926226149447
1483183365237506069
1295204585417478199
1458177850006835213
1460004308933152971
1263904847284015247
1176682588526628969
795717647186657301
214273958801965067
1489997084538044606
1490004461828051124
1285517831315783727
1394478597078515783
1276525633903525898
1363598467011706932
1482758877429760092
704861547398430843
1346096573058252921
1489388650641887442
1490721563736146033
1308211227721203843
1473440233943990272
1490001605238456561
1479359551525486664
1490693823620321300
1359236523693838590
1134483530227912744
1307692753026813962
1488617809113252022
1474000185674956800
1490674450444718232
1453213049291800616
1490330803379638344
961952446068981850
1482854968334745653
1464021204674543616
1304501365367898205
1411707741155889162
1477192886801141770
1490580492435718185
1401434857862594581
1124140814658981919
1388986664268988480
1389080338180866240
1474256401550278868
837791596871155821
855966782442569729
1421927446005158050
928208370769494029
1456830682763497503
1453993643441651806
1048550420911505438
1425574915301703820
1344820879988756575
1255557377189478540
1487308819683082451
1487361641912864918
1290599562892935180
651394347098701844
1345744516556128398
1490379816443056228
1488978678414180442
1472722643999264990
1438361112432218132
1434043650693922826
999344163357200484
553160882289377280
1242879355777056879
1402073545604993024
1135966156650446888
1477144734790062203
1284423604775424040
1379612265212411975
1021870454362878112
960259422649720874
1007302110594994197
745712001124401152
1316527613010903071
1456736189477552230
1372756814067929218
1424817478063886396
1490485283857371216
1450517188577464492
1082985902231539803
1490483337993785548
305715233450622978
1327022507567484939
1411287630083260456
1468446948649341080
1291745461178466417
745553380134617129
1490387120412430388
1489278804567265471
529720383570706432
1477590058885447680
530434541723058176
1472427297494536362
1490405097270935633
778194240114524190
1481345483694800938
1439261091355164754
1232689700393713676
1488226848457494548
1094606413877235823
1345371969461420103
1490423890789269524
1375720904255868989
1490442093368180898
1488749884193378334
814935198830428191
1474622525890760869
1439499177011970078
1441968104019198153
1490123293703798885
1438626525468426403
832787604663435314
1490345033717518468
897152992501981184
1434433937018458115
1233335430154289152
1112401948000407552
1490353009539022869
1490360112378941521
1254109489205084283
940460428843171861
712644396348342386
1490191785413050458
1365048731254394932
1484894898774872104
1485803082620211412
618895505128292389
797593341611999263
1490238736531722382
1490242206962028574
936819453428113429
1490244130326970489
1490254360142282902
1304570193367924772
1305477503174971394
1039209405704589322
1392628750776275014
1319537167114174546
1405904136465285140
1265207962591428610
1140228613153767474
1012571942928269362
1242032720494854165
1490126170186977488
1490124659310727259
1269394335044993044
1434688529467707606
729121236172406885
1489186627875246091
1490156528408203516
1442946256749199390
1490165854480892035
1185659513337024534
941090026341683221
1096905983638392884
853351478814703656
1485652256299815096
1488486695299977248
1489990173814165644
1387909697843105882
1075950169578819614
1490009080444485662
839698165036351508
1455297165285920781
1490030570485317683
1362522266138706111
1372009864330612798
1113514699833737349
1489748301573128403
1489678808310091897
1447106087500255273
1434658942419730525
1490078918697418893
1451648040845709332
1487896560783200369
1455960574889562143
1187414881213890591
1261695163537821737
723010688569704488
850398286464286761
1268067207682986034
1297686807885910078
1489254489281138759
691809672788967504
1394474980351414272
1489848791313022986
700843842274066453
1489345835824320512
1165833648927408209
1163146813575024701
1465559879056883929
1489667379947503778
1155128449409749134
1420079112940421240
1456106821784834232
1466465585553473626
1179911065082019890
1001717331061387315
1346187680773443736
1108130029327618111
1421807252142166079
957844043033894914
1489789705544531998
1338246632935919697
1413310920305807450
1336092473935532103
1397571689638002740
1479402634707210252
1076230414932394007
1457843668257083568
1489845303346598081
1424421803052367973
813619708740763649
1489525809721901198
1353917955439857827
1324875027476119645
1104864780235313174
1399452614760075307
1035978615596269709
1481030779998961805
1489743463644790834
1487461569368428725
1357746586364416061
1488253144273125519
1321691859025662033
1480235040687522057
1114491014078533672
1461699851254501633
1465953166737539164
546325342722195457
1483328737004224613
1463451813842915517
1489433225754312714
1198720549652791307
839188599148642324
1377856215459303488
778605880362795069
1480529257552806019
1441862622625665207
870386263570661397
1207398598606725160
789074663954186320
1423630818491764806
1185958551718481932
1270174205924605972
1293001564482437285
1469805291188129982
1482046779611418684
1335514276831694929
1364357548920275055
1330087227039944787
869337653944913920
1472699422092693747
1053447681680347157
1489546219054174398
1370823708356251768
1008849102282440824
811960319676907525
1255028509579935767
1237710493657989250
1143370493504802907
1096816555360260116
1473809048326508564
1477357305686130790
1480311931574157586
930125319535472701
1488356098367946874
1396445488093597736
1407209681805639750
1073774592721686538
1465869949032726583
1484171892930646077
916496432905744414
1489441395570638858
1443835431828324402
1481914784864796725
1448773880180113489
1350600381427748996
1461191129176211586
1410695487677403188
1006503091643879474
1284626778048172176
893169003755884576
1489360657135571164
1362835573265530900
1128425705454174258
1459943491223163107
1489373046711255232
1489351102817239271
1102929467707498526
1476029932948684982
1248880216424710227
1217948989157015633
1489379772306948259
1410733482455466137
1211406215582842941
1135093418700320778
1244516603916324946
1487060163486548061
698820864380239942
1479942252292997505
1355567881504555221
1350769800892125255
1487434553315561604
1168054516864782432
1489306256819884195
1480599163002687489
1478080790092054659
1343203854535229545
1475093493960413187
1470107047893663982
1424066305916403822
1489345683801510059
1484618437350133800
1176546100103102554
1233121938126274571
1488451512895143998
862003726990704710
1409452535294726174
1416157374221254768
919327835963932814
1359997180307308767
1290075550953635954
1489163597186727977
1480645126459097198
1458074542978240576
1020603102044360734
1245699901715644508
1446274892545921034
1432306598407311445
1173518564884492380
869317209254690856
1367414855564263426
1489181761681358920
1452345790625484982
1360322940306194482
1488972551328890902
906996404575141998
634025367979556895
1484968048443265176
1474492639347740712
1488347168032030872
884460064277147678
1352414500514693132
819770127259402270
1489042015533666454
1313589747255607417
1081639718950813766
672195515382759425
1463206377043398862
998071707921285230
1489081410978582620
1489086545746071663
1484814778881937539
764245812699070504
1413067915040784444
1130476561762627684
1488950305138934124
1430617536134774797
1384203028503986338
1466587242624716811
1487544769755218030
1206032644958326796
1488961860492329080
1477562324318421133
1451371900658913430
1438210984148992061
1140632503695188071
1443214757489279056
867473976212979723
836972037490606160
1304809757290270771
1339022540512821382
1305171515477856289
1373753295272673304
1330603460076372080
1251123366631309393
1431482193091231784
1183631528517980206
1007233766726586419
1358781964290621573
1411320310292152381
1427766008541876244
1304888053587906692
1480104264142422099
1465374915476586636
1167805203957944324
1397531034660245535
1219726333630746664
1072982166528606288
1257792335865974834
1488895493655367720
1225411646646652979
949936324536836146
997838350155251752
1488926378718920875
986300111900536852
1099953522973351946
1488934222193496074
1488362484489392169
584477725788733440
765086210099904533
1321542103246962690
924585279292063784
1340919612467839017
1488597549597069463
990323136115396698
800672797156311040
1488826468099162243
1486828526937047313
1107616619565416488
1488832812298534932
773781242898415628
1364591330680111154
1362230583585149191
1089490237216018504
920411879455744031
447848865815855125
1474827648445321367
1398508899585491014
1446263661730594896
1367486136649256970
902927059989438557
827472232665448470
483076082451349504
760905445324881970
754513280193527868
1189749126175412294
1488288098176729179
1487912777111699699
1393010334293299350
1454409180717912105
1465111027162288148
1235596801298661476
1033881551408201748
1283924979276054552
1347160524647039050
1488790535370969089
1488329712492220477
1231403760819896442
1483587698064228545
1483939319415574528
484432014095941672
1488343424099815597
1278920320656474213
1292240841154363472
1456804531844288624
1474573087474192394
1173324034717528088
1488658639106609324
1443686786105737327
1428184573564686438
1482791546305646675
1464263063665512665
1412424360513372160
1400655126125084746
1480268262766936106
1437194446008746005
506820426366976010
1488507799926341673
1032584462413856769
841447090181767189
1331041195153035314
1462233647280033844
1148496671223849090
1291071373720027186
732659541312798801
1486067021144789074
1124350837758631967
1488591438555123868
1456035653572628588
1254044431741616181
961331742185246832
1133786478665805934
1204093202509074466
701101788480274483
1487819478115942510
1452179903054086276
1143315085452923000
1462223999219142899
1447036850282958911
1480611224382341243
1448869874683347178
1488391799285219470
1117229126718324736
942905597672697988
1325048703194497095
1488412392542179380
1006003860088823920
1488417848161468417
1474146594978005242
1381224904262942832
1185441532719943731
1249374590942056543
1228370241130860575
1486912461985808458
1403745320466124850
1195206509991313419
1087091131197702325
1077292285257060443
1476387596488671444
1257418492496445511
1469671410036113530
1488308045493567659
1230314807362715730
1300722114193657878
1488323178559443046
1485046040242552913
1488334769589719041
1479559424082313247
1488337909328248904
1264520356371234830
1268198578581667962
908254632378269706
1403911340187193387
786638577558880337
1488240409451696230
1114448872148832307
1408618555217285210
1394049433972375653
1128654537478119487
1398881225715748975
1454477766362796227
1488270488093331586
1410388181983035485
1440819725696499864
1071495640670023784
1472956309912551709
996452807274139729
1425392100131864627
1488147131465465929
1382499103161712861
988907344249389056
1488203498800681072
1388981724658139276
1005858218926424064
940827637113303081
1235337642317451335
1005045461876486225
1330554656832753808
1487761140745240678
1416005207929913468
1124236373063368817
1123323786092105838
1335925079036661802
1028024665525989526
1316627825847177320
813786575862759464
1046875482110558230
1268488521992376395
834404755920650260
835175168413532200
1470054759200198887
1017018504664326214
1452389781995786373
1381287616896307262
1482032080543027241
1096749162600611900
1464768438609117379
1467468374396371056
1484247801956401395
914489710603276349
1334490667916853290
950610428986265641
1454120493178163405
1252739931483275416
1487967937234210858
1359952006386683924
1421459462719410206
1469142420733165843
1308205937126801439
1488033798569459743
1136762062278766733
1458665887384080434
1455770046839263342
1472861903280668865
1488056267544068136
1289106534223183872
985945463230464000
781461893335875635
1361596036799397909
892819156540477461
1308794668867260458
1487422299802964079
578279502799699968
1388221847610593360
1077308213311057972
977643963227963402
1391514895891169345
1241343520615174178
1234517009254060163
1249801634897330197
1472286187178688744
1368273923476557864
1225780087325196301
869858477722443787
1485090271019532471
1348850766487486497
1294377079726411818
700768330805674015
1342976808651325561
1277381107649609788
1369444991633719398
1433899710065934537
1378511855022243861
1320921102217777213
942873009042124901
1002097264833069077
754944945772691467
1289361972705366078
1332090387728175166
1482691165667983381
1175178868710178826
1443761393332519073
1428770575928660081
1194738847842578472
978006818636841031
1201187079787401317
1410188367597011004
947872610195230760
1191736039300153355
1486118158292095157
1364952412317552700
1103739890388177076
1480644925564649522
1334235160580853830
1344287462691962923
1302592856942317592
1485121268112949289
1327758446346637424
1487877152043962488
693393486203977759
1338463583993987082
1480946082077999184
1125538087578107904
1338466992725823560
1139276073037733990
1395330087699742722
1446693869789118669
1236228021124468820
1487792250158317598
1292498953581105156
1349744682669969511
1380620692336279635
1487785017647173673
1388111838457102379
1442192871645249547
1295665500965175320
1238574007180066818
1487824323849879612
1477429940143128727
1474878499566256311
1192460699557953626
1440361037009387530
1429221138025939026
1388184569735549062
1416856911067742248
810919038988845066
1310773059476787220
1434118284281778277
773317057042579477
893245167950245919
1178488109902602391
1424239907311976571
1471111567650066473
651095740390834176
1128622712466722866
1487751076961714297
1486035578318229656
1394818258032660623
1335185636717760562
1123362736424890479
1322197165669617724
1466256573377544255
1352683358689431583
1381467631101546619
1243047510428090429
1474537778745311303
1487613942288351432
1399704086357479444
793385620483342346
1487600636152381572
1487458950113919067
1475929333100187718
1487632248873422849
1484376668838694993
1189713763209855008
1247431323979743321
1091464434867769434
1278495936083132539
1131617620106432553
1389508433987768381
1486807636367114253
1278672122352242755
1487516551371428042
866560815632744448
842882223727444018
1412078168713724016
1311769678175014987
1478748503483220102
666980621184401445
1430684558474350714
1200352255879172166
1439373781565968415
1416511584586436742
896470454330605649
1482365509742624872
934233082775633923
1468447656698187786
1487598480284188793
1275217698363543654
1487600404781994117
1392619656035962991
1443282900056412201
1421152196929523712
1487472375581638666
739532052092682352
1011568909553512459
1487489925980098581
1487121159014318324
863712150539337750
1200831689677619323
1292053205588512870
741368320149946509
1034770597667930153
1233972936109592590
1180462548823310408
1474852822519517194
882042733559152751
1219348863438028860
1435356837066047705
1429626930784899122
774397579215241216
1005362524679577651
1169629247564955739
1445369415754317955
1454048095091429376
1146336535579459626
1163510578271236217
1460725422022066176
1459888727756242964
1434006318435401818
1175151807597658163
1487149332498223275
945566263550287902
780270045074030622
1028728348437913610
1485292030912495857
1419138510383747143
1186801146661191771
1188558135099674688
1365093222938054818
1487218540519096482
1022581720752599102
1158919187092209804
1273788545886191707
1467423392796901449
1462901088230572107
1066315008658636892
1017330170727772180
1361834175958614126
1355523611686862991
799769377485881344
1335414546910806039
1209308150138667041
1454625065554673815
868690106649821224
1295415897560973342
1397806846621778060
1140137731289255976
1485402487505555598
1479965152584532071
772866961339711528
1316198805624066089
1396676373497643209
843161502252269629
1404514791187283998
890742829444374538
1410140147206324224
1487226080959139911
1158488927099953242
1059621915066650784
1340798865561092137
1263910393190027311
1433951704746950777
1487065068058185809
1486643261668855870
1487121495019753512
1470822470876401715
1393977778730176532
1487120599196111082
1373366247848284334
1434421194903519252
1233372307053875261
1487144976537096322
1183189663742181488
1416403626540273807
1357577695667683328
1431416617924825213
1409304258754646118
817788688036921385
1482478285194793122
1486149577295003657
1396251303088361564
476804269484408842
676157560520441862
1481575987429900451
1257718308006920246
1456247825158508710
1487024832024547421
1085404622878953473
1486129402273206444
1485008153618677800
1238637996618551326
1395634665687093320
1140491570794205274
1412193851602632835
1486841259455938612
1425583044584017970
1143280198230483086
698465007591227453
1486872634078531624
1395501488104538242
1061461062219735190
1071389445464539187
1343000827983298691
1165792291462586441
1196191922428063854
826192214229123092
869993198519468122
1486743278660616372
813239787107385355
1099670874120003675
1486738787467001997
1102477219080708116
1061285487572164658
1426548255403147379
1371545372253618299
1127706634228072588
1441679995922813011
819858555561181204
1412424621310873620
911436863984767017
1472514093314478111
966624599171276830
1469479248204140751
1465896126296232090
1485721995407659200
966262739360161792
1371579574403596348
1007741070391656599
1402682829024002088
1432332314473664667
1078721615086485665
1486692159712395347
1204916881920892988
1486517496533090306
1447517222862848140
1350894858461646909
1477121030219890830
1459435129251565620
1486733391389790250
1473709763308027916
1399532478498345043
1460803455248502805
141366787563323392
1411055432092487684
1267920405327380620
1249753828014686297
1466641589257375884
1409992834173374607
1144445156922228786
1213619433097011260
1343096504247914517
1449960100243439829
652748603537752094
1271235318149939271
1486591088478392483
788534887036092436
1486435553434927144
764081300037435443
1223834672744759332
833288281650233355
1085585186172960850
1475361637702565959
575708768432816138
1479635511516856321
1475603520882475212
1452028379854540902
1125967872636768307
973740892869505044
1484014130682793995
1298338395470172211
1470125285369319651
1382466075941142689
1427341315233943582
1084169279580160082
1299126047836602422
1149614124653879426
522176751636316161
1333038606729740379
1409190659310489814
1414270806376317119
719832781265567765
1484533784245309551
1483142378708795423
1238851208245022721
1168263154237702245
1310330912973656114
1378889498066292737
1479592903620825272
1455645242295586968
757499964086812754
1326465377756250138
1482675947034509346
1365535043941957813
1330835087599599668
1248493752226549780
890742588322226267
1367633082072436787
1304762861632884827
1486066936256401509
1476712940966117538
1478597697274384516
929904932407087124
1145446565062914160
1485741092111384838
1308056192685309994
1452818130031083651
973393107913678859
1481868578796867770
1485977221373100122
1156522100039880785
1104047659674783834
850519860953481247
1469849959116439655
1483566954144071883
1150173005843026031
1481829913127293120
347425806416478218
1442491525085794335
1465473752564502549
736727850962386985
1237933236571602975
1485837282262126723
1476797666175353022
1155053041016389652
1351458507861528636
1260590547630948456
1475511744477532220
1458789487386693725
1471181436378808624
1434163170955493446
1185242178897838232
1053410297546813471
1349337540301164565
1122820622024720385
1294409194945908859
1071532799267438612
1475977848345858229
1486109438405382395
1005526064505815341
797902463788384336
1205717311806246984
1426654316340711526
1463595806840983552
1437808829847830639
1373962194492063765
1484868728540889098
1342166352856879208
1484734038785659041
1442473452513529979
298702376406089729
1459967827934183671
857097663718359040
784789133780451339
1340299243868393522
1447382573650284594
1363495490238546152
1455934499048132763
1319175442271309835
1385749815148937379
797681767976271883
1442640306766876703
1406675686688559175
1337976889305993277
1476274440160415949
1388810467652276285
1208882384481550398
1370932817823010936
1027150942874906704
1471569842757963969
1393485277099462726
1398005327450079254
692316818584633385
1420883481805721710
1485912626192978002
1330608803452026912
864617828342562836
946653655212376075
1485805692760752138
1167134298411901019
870546516790620190
1396572009034678273
1485818345079967805
1485818519680585798
1477066879599116331
1365514480384999576
1405878694328930398
1485589074482958477
927804654794965063
1334978135976054784
1232837428843380798
1269728245679525889
908464395741438003
1426878526396694589
1485675616874533055
1214064654415040562
1485735724413358310
1223406560785731685
891362391810506763
1424220013526519828
1461849856384565250
1232780055474602054
1368715568907292734
1066446264356581406
1353001395560910939
1387211705880150126
1197352246782988328
1468809854377267335
1327791563799138315
1453834499216642161
1036962005111816212
1468971368971505755
829941575454162984
1268338029383258164
1429491184807448657
938526205639016468
1484952200143966490
1485639705327571135
1471333684010549370
1370136918389428285
1462523804310962385
1040696440080580739
994198766255091763
929578765007355925
963772096343842888
1442907364016525399
554056733501292554
942131183389651005
1484571639940382924
1482504932945821986
1485534139183534160
1377147014898520226
1277161549143867495
1418906889852289175
1478537768828276840
1379131444147912817
1483846899835473924
1276318887578963968
1121496476892266627
1462211913059667992
1016718676268953630
1485322982141460601
1480473465017471169
1485599705344774264
1388537076210864209
1022080923765846047
1101468972752314418
1411129406675746856
1484292378562134057
1429891666336157719
1442324555308863598
1386161489659957278
1454207358422220894
1389423043620896931
872533294154125352
1177689879300284426
771088331361878038
1485485261549732063
1129465888035319810
956144007342338078
1421985736445530213
1284812768155009065
1371540085564244092
1445344206976450642
913978366124761119
1357426417599774920
1212043425298255903
1264245914323648628
922521188507463690
1370116860976173199
1474162101680341012
943612605271015424
1068375374687391825
1208624300395864117
1000850048634069124
1154132968609157263
933641951322972251
719486093359055059
1450072441589207121
1430611363645882461
1485462191569113169
1266495148888690732
736858653633544263
1483761723398819960
1285386203532886067
1091747814847029308
1318625499852836874
1482824140518850751
876826619111702529
1352784305830756513
456226577798135808
774294189587824660
1014082544272162907
537276589575241738
1032814279147126824
1442296281232838737
1118956505534832770
988128942978367488
1484490419332186202
1376597626899796129
1482830623445094472
1345700215793127514
1467585856058560586
1434479851741380639
1395493350295212072
1414969329065267324
1474460069088198688
538409389237862400
1478621001154822255
1342242096693903521
993654528484315227
1485264132688056454
1481934621724901397
1255591080485982259
1273656291923066938
1450511476379877398
1074719422931030117
1467391119540228187
1266197656535826518
1483969811011731607
1250301320351711277
1164395500854837428
1418672779913592867
898982424485175378
592449695457083395
1069262866106040471
1459531840611291344
683580228009852946
1049041679493124196
1452076638673043549
1076368455537803275
1485117823260033097
1378252853029634139
1243577292928716882
1485124076140761101
1437286255506362460
1477097670106546390
1332892271816871946
1485141420384976936
1369778354328178730
1485163593543581857
1474862134566326392
1455810391178481833
1390975369967833131
498898434984771624
1484965452781195325
1205421386370121770
792029607426523196
751114730264985731
1398532563143753851
1485002200727158834
1161539492516200459
1484722097124278313
935989185469378611
1188726440347324446
1466916933914853593
949622592417955860
1242905128395341985
1362794418725457930
1343941308930199673
1398907337653358693
1298056680507969617
1505293109284573246
1409659834244268103
1463672245766324325
1477334165744783584
1446463290032001085
1446461747585089648
1446467523578040502
1446478474394075317
1446477633440186468
1446460803162046556
1447072198232772732
1447073788238758070
1450510581646884955
1467425598375858332
1460440992552587402
1446461375953244231
1460442374294470676
1440418689420759190
1446462202935640156
1448529909608874067
1446462456829444218
1467425191071186964
1460441801717583892
1440417366868496695
1446477259203416136
1447072978536759437
1446462897688412331
1512819052194697367
1512819986417324062
1512819986417324062
1512820447094505562
1512819396652040232
1512818533455888434
1497698074758353046
1512812829021835355
1507431371835179120
1469458829522768049
1507520518863978671
1389901095152648273
918919821004009533
1470409986034368566
1476940676942794835
1434957249499103252
1502569455451111544
1227636180137414757
1446944854339752138
1452056406340665365
563975731659538433
1471697115888619615
544613332695646228
1459544780630523904
1283812272355016716
1149792342996439140
1464614199291281449
1061382538804867193
1496328079839334431
1001365800067797104
1426727165763780800
1499492918967140567
1377930196782678067
1490861350338039839
1480058502952259729
1510383383375511669
1469890279828881429
974409134969585665
1443258141025243217
1502827639541469316
1457659650479493153
1475582353798725674
1459505120109789323
1389901095152648273
1437773516077273181
1415336244791218176
1174944859677798431
1416823098484854845
1201695542682603571
1381092932743987241
1468741593908510782
1472602416762589335
1473118418642272454
1410941059080523836
1051398707955896381
1276752184645652541
1486066936256401509
1185242178897838232
1488103822575272021
1470048278346334310
1498444903473221663
1327491342787416064
1499922510475428081
1240933035634069604
1479160636008173611
1507804241220075651
1479733806478004255
1435163554432155648
1456011658039394517
1354349476516462659
1410140147206324224
998690740160962650
1457919110712393875
1296650125401395352
1434957249499103252
1435288390625923084
1467394935127937169
1493961922297462995
1510837481149435925
1503547010568028200
1403824509399728264
1497475999099650048
1498285053745303562
1500556406900785333
1465032511129387130
1492918898998251521
1066400368776450190
1467383654262247558
1345483936209567815
1504844114049503442
1445651418336985130
1472316253929603263
1135531859015639091
1167120521440264212
1396959377658740861
1452345790625484982
1271595704824889414
1480480226394771490
837025353309618226
1414651256827281440
1353247662174109717
1455990068383711358
1082300217212276826
1398762007729016994
1375327090714611742
1364191429185765427
1415226690669641789
1492805411454062695
1480263728380383374
1095925651510399028
1287245213277884549
999574987994320958
1180084039961563156
1447219937423659198
1442450323762315284
1361120779093278732
1202069995727896607
1492050828704481350
1287423196793929728
1507659518744723517
1468279519726014748
1468668411788660918
1498961019030999143
955138324216049665
1480207738364624997
1476440691067584624
1507494667825053897
1098857765977477130
1398811812220239902
1466566735720087747
1464424139635949902
1499460179048267867
1505092444750872650
1391629522956324887
1458789487386693725
1472186323992313979
1500436721647747094
1487226080959139911
1328831352635789425
1168631631721021605
1475246818261729496
1251674529336660081
1290599562892935180
1177860423421263958
1455960574423990348
1282512277030961184
1488968402260463739
1484100565784068137
1472660116011618415
1502511283335856188
1499563048372011033
1507456610698531008
1477985411321036811
1457756350695346314
1059163808721018992
1476940676942794835
1504921706177888298
1508592569687347390
1444358501097803857
1464187478142484540
814687360641138709
1343000827983298691
613499671717085248
1412424360513372160
1372255910910758986
1500929161320071312
701043527458488351
768151039647285258
1504921706177888298
1509126219302436904
1496276631466147850
1511493460312461476
1512711566083096638
1490805435182354683
1493255021180223589
1497812165573218316
1497670893630128261
1186491222467031234
1460808217444618363
768151039647285258
1507101750191198401
1513443234817376342
1513080237683118111
1492125151519703160
1113809454161465425
1485533743169933314
1456689585575690404
1497670893630128261
1483934035108565102
